

00001 10
00002 010
00003 100
00004 110
00005 101
00006 0010
00007 0100
00008 1010
00009 0101
00010 1101
00011 1011
00012 1000
00013 1100
00014 1001
00015 0110
00016 1110
00017 00101
00018 01010
00019 10101
00020 01011
00021 00100
00022 01000
00023 10100
00024 01001
00025 01110
00026 11100
00027 11110
00028 11101
00029 00110
00030 01100
00031 10110
00032 01101
00033 11000
00034 11001
00035 11010
00036 11011
00037 10010
00038 10011
00039 10000
00040 10001
00041 00010
00042 10111
00043 010001
00044 100010
00045 110001
00046 100011
00047 010000
00048 100000
00049 110000
00050 100001
00051 001110
00052 011100
00053 101110
00054 011101
00055 000110
00056 001100
00057 100110
00058 001101
00059 010111
00060 110111
00061 101111
00062 010110
00063 101100
00064 110110
00065 101101
00066 011110
00067 111100
00068 111110
00069 111101
00070 011000
00071 011001
00072 011010
00073 011011
00074 010100
00075 101000
00076 110100
00077 101001
00078 010101
00079 101010
00080 110101
00081 101011
00082 001001
00083 010010
00084 010011
00085 001000
00086 000010
00087 000100
00088 000101
00089 111011
00090 001010
00091 111010
00092 001011
00093 100100
00094 110010
00095 100101
00096 110011
00097 100111
00098 111000
00099 111001
00100 0001100
00101 0011000
00102 1001100
00103 0011001
00104 0001101
00105 0011010
00106 1001101
00107 0011011
00108 0111110
00109 1111100
00110 1111110
00111 1111101
00112 0010100
00113 0101000
00114 1010100
00115 0101001
00116 0110110
00117 1101100
00118 1110110
00119 1101101
00120 0010101
00121 0101010
00122 1010101
00123 0101011
00124 0110111
00125 1101110
00126 1110111
00127 1101111
00128 0001001
00129 0010010
00130 1001001
00131 0010011
00132 0001000
00133 0010000
00134 1001000
00135 0010001
00136 0100111
00137 1001110
00138 1100111
00139 1001111
00140 0100110
00141 1100110
00142 0101110
00143 1011100
00144 1011101
00145 0101111
00146 1011110
00147 1011111
00148 0000010
00149 0000100
00150 1000010
00151 0000101
00152 0111100
00153 1111000
00154 1111001
00155 0111101
00156 1111010
00157 1111011
00158 0001010
00159 1001010
00160 1011011
00161 0001011
00162 0010110
00163 1001011
00164 0010111
00165 0110100
00166 1011010
00167 0110101
00168 0100100
00169 1100100
00170 0100101
00171 1100101
00172 0111001
00173 1110010
00174 1110011
00175 0111000
00176 1110000
00177 1110001
00178 1010010
00179 1010011
00180 0101101
00181 0101100
00182 1011000
00183 1011001
00184 0100001
00185 1100001
00186 1000011
00187 0100000
00188 1000000
00189 1100000
00190 1000001
00191 0110011
00192 0110010
00193 0110000
00194 0110001
00195 1000101
00196 1000100
00197 0111010
00198 1110100
00199 1110101
00200 1010110
 in
