

00001 10
00002 010
00003 100
00004 110
00005 101
00006 210
00007 102
00008 0010
00009 0100
00010 1010
00011 0101
00012 2010
00013 0102
00014 1101
00015 1011
00016 2101
00017 1012
00018 1000
00019 1100
00020 1001
00021 2100
00022 1002
00023 1020
00024 1102
00025 1021
00026 2102
00027 1022
00028 0110
00029 1110
00030 2110
00031 0210
00032 1210
00033 2210
00034 01210
00035 12100
00036 11210
00037 12101
00038 21210
00039 12102
00040 00101
00041 01010
00042 10101
00043 01011
00044 20101
00045 01012
00046 02010
00047 20100
00048 12010
00049 22010
00050 20102
00051 00100
00052 01000
00053 10100
00054 01001
00055 01002
00056 00102
00057 01020
00058 10102
00059 01021
00060 01022
00061 01110
00062 11100
00063 11110
00064 11101
00065 21110
00066 11102
00067 00110
00068 01100
00069 10110
00070 01101
00071 20110
00072 01102
00073 02102
00074 21020
00075 21021
00076 22102
00077 21022
00078 02101
00079 21010
00080 21011
00081 22101
00082 21012
00083 02100
00084 21000
00085 21001
00086 22100
00087 21002
00088 11020
00089 11021
00090 21102
00091 11022
00092 11000
00093 11001
00094 21100
00095 11002
00096 11010
00097 11011
00098 21101
00099 11012
00100 00210
00101 10210
00102 20210
00103 10020
00104 10021
00105 10022
00106 10010
00107 10011
00108 10012
00109 10000
00110 10001
00111 10002
00112 02110
00113 12110
00114 22110
00115 10211
00116 10212
00117 10200
00118 10201
00119 10202
00120 10220
00121 10221
00122 10222
00123 00010
00124 20010
00125 02210
00126 12210
00127 22210
00128 10111
00129 10112
00130 10120
00131 10121
00132 10122
00133 010001
00134 100010
00135 110001
00136 100011
00137 210001
00138 100012
00139 012102
00140 121020
00141 112102
00142 121021
00143 212102
00144 121022
00145 022210
00146 222100
00147 122210
00148 222101
00149 222210
00150 222102
00151 010000
00152 100000
00153 110000
00154 100001
00155 210000
00156 100002
00157 012100
00158 121000
00159 112100
00160 121001
00161 212100
00162 121002
00163 010002
00164 100020
00165 110002
00166 100021
00167 210002
00168 100022
00169 012101
00170 121010
00171 112101
00172 121011
00173 212101
00174 121012
00175 020010
00176 200100
00177 120010
00178 200101
00179 220010
00180 200102
00181 001110
00182 011100
00183 101110
00184 011101
00185 201110
00186 011102
00187 000110
00188 001100
00189 100110
00190 001101
00191 200110
00192 001102
00193 021012
00194 210120
00195 210121
00196 221012
00197 210122
00198 010112
00199 101120
00200 110112
 in
