00001 10
00002 010
00003 100
00004 110
00005 101
00006 0010
00007 0100
00008 1010
00009 0101
00010 1101
00011 1011
00012 1000
00013 1100
00014 1001
00015 0110
00016 1110
00017 00101
00018 01010
00019 10101
00020 01011
00021 00100
00022 01000
00023 10100
00024 01001
00025 01110
00026 11100
00027 11110
00028 11101
00029 00110
00030 01100
00031 10110
00032 01101
00033 11000
00034 11001
00035 11010
00036 11011
00037 10010
00038 10011
00039 10000
00040 10001
00041 00010
00042 10111
00043 010001
00044 100010
00045 110001
00046 100011
00047 010000
00048 100000
00049 110000
00050 100001
00051 001110
00052 011100
00053 101110
00054 011101
00055 000110
00056 001100
00057 100110
00058 001101
00059 010111
00060 110111
00061 101111
00062 010110
00063 101100
00064 110110
00065 101101
00066 011110
00067 111100
00068 111110
00069 111101
00070 011000
00071 011001
00072 011010
00073 011011
00074 010100
00075 101000
00076 110100
00077 101001
00078 010101
00079 101010
00080 110101
00081 101011
00082 001001
00083 010010
00084 010011
00085 001000
00086 000010
00087 000100
00088 000101
00089 111011
00090 001010
00091 111010
00092 001011
00093 100100
00094 110010
00095 100101
00096 110011
00097 100111
00098 111000
00099 111001
00100 0001100
00101 0011000
00102 1001100
00103 0011001
00104 0001101
00105 0011010
00106 1001101
00107 0011011
00108 0111110
00109 1111100
00110 1111110
00111 1111101
00112 0010100
00113 0101000
00114 1010100
00115 0101001
00116 0110110
00117 1101100
00118 1110110
00119 1101101
00120 0010101
00121 0101010
00122 1010101
00123 0101011
00124 0110111
00125 1101110
00126 1110111
00127 1101111
00128 0001001
00129 0010010
00130 1001001
00131 0010011
00132 0001000
00133 0010000
00134 1001000
00135 0010001
00136 0100111
00137 1001110
00138 1100111
00139 1001111
00140 0100110
00141 1100110
00142 0101110
00143 1011100
00144 1011101
00145 0101111
00146 1011110
00147 1011111
00148 0000010
00149 0000100
00150 1000010
00151 0000101
00152 0111100
00153 1111000
00154 1111001
00155 0111101
00156 1111010
00157 1111011
00158 0001010
00159 1001010
00160 1011011
00161 0001011
00162 0010110
00163 1001011
00164 0010111
00165 0110100
00166 1011010
00167 0110101
00168 0100100
00169 1100100
00170 0100101
00171 1100101
00172 0111001
00173 1110010
00174 1110011
00175 0111000
00176 1110000
00177 1110001
00178 1010010
00179 1010011
00180 0101101
00181 0101100
00182 1011000
00183 1011001
00184 0100001
00185 1100001
00186 1000011
00187 0100000
00188 1000000
00189 1100000
00190 1000001
00191 0110011
00192 0110010
00193 0110000
00194 0110001
00195 1000101
00196 1000100
00197 0111010
00198 1110100
00199 1110101
00200 1010110
00201 1101011
00202 1010111
00203 0111011
00204 1101010
00205 0011101
00206 0011100
00207 0100010
00208 1100010
00209 1010001
00210 0100011
00211 1010000
00212 1000110
00213 1100011
00214 1000111
00215 0001110
00216 0000110
00217 1101000
00218 1101001
00219 0011110
00220 01110111
00221 11101110
00222 11110111
00223 11101111
00224 01010101
00225 10101010
00226 11010101
00227 10101011
00228 01110110
00229 11101100
00230 11110110
00231 11101101
00232 01010100
00233 10101000
00234 11010100
00235 10101001
00236 01011001
00237 10110010
00238 11011001
00239 10110011
00240 01111110
00241 11111100
00242 11111110
00243 11111101
00244 01011000
00245 10110000
00246 11011000
00247 10110001
00248 00000010
00249 00000100
00250 10000010
00251 00000101
00252 00111100
00253 01111000
00254 10111100
00255 01111001
00256 00111101
00257 01111010
00258 10111101
00259 01111011
00260 01100000
00261 11000000
00262 11100000
00263 11000001
00264 01001101
00265 10011010
00266 11001101
00267 10011011
00268 01100001
00269 11000010
00270 11100001
00271 11000011
00272 01001100
00273 10011000
00274 11001100
00275 10011001
00276 00001010
00277 00010100
00278 10001010
00279 00010101
00280 00011011
00281 00110110
00282 00110111
00283 00001011
00284 00010110
00285 10001011
00286 00010111
00287 00011010
00288 00110100
00289 00110101
00290 01010011
00291 10100110
00292 11010011
00293 10100111
00294 00100100
00295 01001000
00296 10100100
00297 01001001
00298 01010010
00299 11010010
00300 10100101
00301 00100101
00302 01001010
00303 01001011
00304 00111001
00305 01110010
00306 10111001
00307 01110011
00308 11110000
00309 11111000
00310 11110001
00311 00111000
00312 01110000
00313 10111000
00314 01110001
00315 11110010
00316 11111001
00317 11110011
00318 01100101
00319 11001010
00320 11100101
00321 11001011
00322 00010010
00323 10010010
00324 01100100
00325 11001000
00326 11100100
00327 11001001
00328 00010011
00329 00100110
00330 10010011
00331 00100111
00332 01101001
00333 11101001
00334 00101101
00335 01011010
00336 10101101
00337 01011011
00338 10110100
00339 11011010
00340 10110101
00341 01101000
00342 11010000
00343 11101000
00344 11010001
00345 00101100
00346 10101100
00347 10110110
00348 11011011
00349 10110111
00350 01000111
00351 10001110
00352 11000111
00353 10001111
00354 00100001
00355 01000010
00356 10100001
00357 01000011
00358 01000110
00359 10001100
00360 11000110
00361 10001101
00362 00100000
00363 01000000
00364 10100000
00365 01000001
00366 00110011
00367 01100110
00368 01100111
00369 01001110
00370 10011100
00371 11001110
00372 10011101
00373 00110010
00374 01001111
00375 10011110
00376 11001111
00377 10011111
00378 11100010
00379 11100011
00380 00011000
00381 00110000
00382 00110001
00383 00011001
00384 01010000
00385 10000101
00386 01010001
00387 10100010
00388 10100011
00389 00001000
00390 10000100
00391 00001001
00392 00111010
00393 01110100
00394 10111010
00395 01110101
00396 01101111
00397 11011110
00398 11011111
00399 00101011
00400 01010110
00401 01010111
00402 00111011
00403 10111011
00404 01101110
00405 11011100
00406 11011101
00407 00101010
00408 11100110
00409 11100111
00410 00011101
00411 10010000
00412 10010001
00413 00011100
00414 00100010
00415 01000100
00416 01000101
00417 10001000
00418 11000100
00419 10001001
00420 00010001
00421 00100011
00422 11000101
00423 00010000
00424 01100010
00425 01100011
00426 00001110
00427 00000110
00428 00001100
00429 10000110
00430 00001101
00431 10000011
00432 01101100
00433 00101000
00434 10000000
00435 10000001
00436 01101101
00437 00101001
00438 01101010
00439 01101011
00440 00101110
00441 10010111
00442 00101111
00443 10010110
00444 00011110
00445 01011111
00446 10111110
00447 10111111
00448 01011110
00449 11010110
00450 11110100
00451 10101110
00452 11010111
00453 10101111
00454 11101010
00455 11110101
00456 11101011
00457 10010100
00458 10010101
00459 01111101
00460 11111010
00461 11111011
00462 01111100
00463 10000111
00464 00111110
00465 01011100
00466 01011101
00467 010110100
00468 101101000
00469 110110100
00470 101101001
00471 001011010
00472 101011010
00473 010110101
00474 000101101
00475 100101101
00476 001011011
00477 001101001
00478 011010010
00479 011010011
00480 110100100
00481 111010010
00482 110100101
00483 000101100
00484 001011000
00485 100101100
00486 001011001
00487 001101000
00488 011010000
00489 011010001
00490 101101010
00491 110110101
00492 101101011
00493 010110110
00494 101011011
00495 010110111
00496 110100110
00497 111010011
00498 110100111
00499 000100001
00500 001000010
